0.000000000000000000e+00 0.000000000000000000e+00
8.352626800537109375e+00 5.400000214576721191e-01
6.124727725982666016e+00 5.500000119209289551e-01
6.099875450134277344e+00 5.600000023841857910e-01
4.232093334197998047e+00 5.799999833106994629e-01
5.134046554565429688e+00 5.199999809265136719e-01
3.729363441467285156e+00 6.100000143051147461e-01
3.988419532775878906e+00 4.900000095367431641e-01
4.642480850219726562e+00 3.700000047683715820e-01
3.664440631866455078e+00 4.900000095367431641e-01
3.905967712402343750e+00 4.300000071525573730e-01
4.092615127563476562e+00 4.099999964237213135e-01
4.096499443054199219e+00 3.899999856948852539e-01
3.078788042068481445e+00 5.400000214576721191e-01
3.600788831710815430e+00 4.399999976158142090e-01
4.579843997955322266e+00 3.799999952316284180e-01
4.537819862365722656e+00 4.000000059604644775e-01
4.095846652984619141e+00 3.799999952316284180e-01
3.162370681762695312e+00 5.000000000000000000e-01
4.006166934967041016e+00 4.300000071525573730e-01
3.043715000152587891e+00 5.500000119209289551e-01
3.726340532302856445e+00 4.600000083446502686e-01
3.775215148925781250e+00 4.799999892711639404e-01
4.550029754638671875e+00 3.600000143051147461e-01
3.521965265274047852e+00 5.500000119209289551e-01
3.122215270996093750e+00 6.000000238418579102e-01
2.888745784759521484e+00 5.600000023841857910e-01
2.779419660568237305e+00 5.699999928474426270e-01
3.201676845550537109e+00 4.699999988079071045e-01
3.383375644683837891e+00 5.099999904632568359e-01
2.488605976104736328e+00 5.400000214576721191e-01
3.107800960540771484e+00 4.799999892711639404e-01
3.248944759368896484e+00 4.000000059604644775e-01
2.605749607086181641e+00 4.699999988079071045e-01
2.373741149902343750e+00 5.199999809265136719e-01
3.047776699066162109e+00 5.299999713897705078e-01
1.918079972267150879e+00 5.899999737739562988e-01
2.197201967239379883e+00 6.200000047683715820e-01
2.537657022476196289e+00 5.400000214576721191e-01
2.994571447372436523e+00 4.399999976158142090e-01
2.865532636642456055e+00 4.600000083446502686e-01
2.204753875732421875e+00 6.200000047683715820e-01
2.688246965408325195e+00 5.299999713897705078e-01
1.677573442459106445e+00 5.899999737739562988e-01
2.125968933105468750e+00 5.699999928474426270e-01
2.826065063476562500e+00 5.299999713897705078e-01
2.919542789459228516e+00 5.000000000000000000e-01
3.035201311111450195e+00 5.000000000000000000e-01
2.791019201278686523e+00 4.699999988079071045e-01
2.063623666763305664e+00 5.400000214576721191e-01
1.893996477127075195e+00 5.299999713897705078e-01
2.501600265502929688e+00 5.699999928474426270e-01
2.399549245834350586e+00 5.000000000000000000e-01
2.272786140441894531e+00 5.099999904632568359e-01
2.566870450973510742e+00 5.400000214576721191e-01
2.524097681045532227e+00 5.699999928474426270e-01
1.640928745269775391e+00 6.000000238418579102e-01
2.121960401535034180e+00 6.000000238418579102e-01
1.433643221855163574e+00 6.600000262260437012e-01
2.023923158645629883e+00 6.499999761581420898e-01
2.390387535095214844e+00 5.099999904632568359e-01
1.439132094383239746e+00 6.399999856948852539e-01
2.055960178375244141e+00 6.299999952316284180e-01
2.137786149978637695e+00 6.399999856948852539e-01
1.811452627182006836e+00 6.399999856948852539e-01
2.413346767425537109e+00 6.000000238418579102e-01
1.831164121627807617e+00 6.700000166893005371e-01
2.048210382461547852e+00 6.200000047683715820e-01
1.709761619567871094e+00 5.799999833106994629e-01
2.249984264373779297e+00 5.500000119209289551e-01
2.093486070632934570e+00 6.000000238418579102e-01
1.755405783653259277e+00 6.499999761581420898e-01
2.170197010040283203e+00 6.399999856948852539e-01
1.901687145233154297e+00 5.699999928474426270e-01
2.136960983276367188e+00 6.000000238418579102e-01
1.885504007339477539e+00 6.299999952316284180e-01
1.692479014396667480e+00 6.986301541328430176e-01
0.000000000000000000e+00 0.000000000000000000e+00
0.000000000000000000e+00 0.000000000000000000e+00
0.000000000000000000e+00 0.000000000000000000e+00
0.000000000000000000e+00 0.000000000000000000e+00
0.000000000000000000e+00 0.000000000000000000e+00
0.000000000000000000e+00 0.000000000000000000e+00
0.000000000000000000e+00 0.000000000000000000e+00
0.000000000000000000e+00 0.000000000000000000e+00
0.000000000000000000e+00 0.000000000000000000e+00
0.000000000000000000e+00 0.000000000000000000e+00
0.000000000000000000e+00 0.000000000000000000e+00
0.000000000000000000e+00 0.000000000000000000e+00
0.000000000000000000e+00 0.000000000000000000e+00
0.000000000000000000e+00 0.000000000000000000e+00
0.000000000000000000e+00 0.000000000000000000e+00
0.000000000000000000e+00 0.000000000000000000e+00
0.000000000000000000e+00 0.000000000000000000e+00
0.000000000000000000e+00 0.000000000000000000e+00
0.000000000000000000e+00 0.000000000000000000e+00
0.000000000000000000e+00 0.000000000000000000e+00
0.000000000000000000e+00 0.000000000000000000e+00
0.000000000000000000e+00 0.000000000000000000e+00
0.000000000000000000e+00 0.000000000000000000e+00
0.000000000000000000e+00 0.000000000000000000e+00
1.957267403602600098e+00 6.100000143051147461e-01
1.670000195503234863e+00 6.399999856948852539e-01
1.199106693267822266e+00 7.300000190734863281e-01
1.481914401054382324e+00 6.800000071525573730e-01
2.413963556289672852e+00 5.400000214576721191e-01
1.766455173492431641e+00 5.799999833106994629e-01
1.515566229820251465e+00 6.100000143051147461e-01
2.197448253631591797e+00 6.399999856948852539e-01
1.535133242607116699e+00 6.499999761581420898e-01
1.912616133689880371e+00 5.699999928474426270e-01
1.830921173095703125e+00 6.700000166893005371e-01
2.765654325485229492e+00 4.799999892711639404e-01
2.061759710311889648e+00 6.600000262260437012e-01
1.346098661422729492e+00 7.300000190734863281e-01
1.698519468307495117e+00 6.600000262260437012e-01
1.711176037788391113e+00 6.100000143051147461e-01
1.957710862159729004e+00 6.200000047683715820e-01
1.455712795257568359e+00 5.899999737739562988e-01
1.572205066680908203e+00 6.100000143051147461e-01
2.753069400787353516e+00 5.099999904632568359e-01
1.428638815879821777e+00 6.000000238418579102e-01
1.652324795722961426e+00 6.299999952316284180e-01
1.610150098800659180e+00 6.200000047683715820e-01
1.952179074287414551e+00 5.799999833106994629e-01
1.407581925392150879e+00 6.600000262260437012e-01
1.600301265716552734e+00 5.899999737739562988e-01
1.736221313476562500e+00 6.299999952316284180e-01
1.911816835403442383e+00 6.399999856948852539e-01
2.236491203308105469e+00 6.299999952316284180e-01
1.725774884223937988e+00 6.000000238418579102e-01
1.864461183547973633e+00 6.399999856948852539e-01
2.091628789901733398e+00 5.699999928474426270e-01
1.530516982078552246e+00 6.200000047683715820e-01
2.121886730194091797e+00 5.600000023841857910e-01
1.035006642341613770e+00 7.599999904632568359e-01
1.859253406524658203e+00 6.399999856948852539e-01
1.377043128013610840e+00 6.899999976158142090e-01
1.485246419906616211e+00 6.700000166893005371e-01
9.920697212219238281e-01 7.099999785423278809e-01
1.927294254302978516e+00 6.299999952316284180e-01
1.366010904312133789e+00 6.200000047683715820e-01
1.690746188163757324e+00 6.899999976158142090e-01
1.360962986946105957e+00 6.600000262260437012e-01
1.957812309265136719e+00 5.899999737739562988e-01
1.646580338478088379e+00 6.800000071525573730e-01
1.709316611289978027e+00 6.399999856948852539e-01
1.253532052040100098e+00 7.400000095367431641e-01
1.790363907814025879e+00 6.499999761581420898e-01
1.225226998329162598e+00 6.999999880790710449e-01
1.093061089515686035e+00 6.399999856948852539e-01
1.163460969924926758e+00 7.500000000000000000e-01
1.454073071479797363e+00 6.700000166893005371e-01
1.459891200065612793e+00 6.899999976158142090e-01
1.617706179618835449e+00 6.299999952316284180e-01
1.512933969497680664e+00 6.399999856948852539e-01
1.386050820350646973e+00 6.499999761581420898e-01
1.578355431556701660e+00 6.499999761581420898e-01
1.618234515190124512e+00 6.200000047683715820e-01
1.314146876335144043e+00 7.400000095367431641e-01
1.445163846015930176e+00 6.399999856948852539e-01
1.433918595314025879e+00 6.299999952316284180e-01
1.607807159423828125e+00 6.499999761581420898e-01
1.373413801193237305e+00 6.700000166893005371e-01
1.474655628204345703e+00 6.399999856948852539e-01
1.911804676055908203e+00 6.000000238418579102e-01
1.824707150459289551e+00 6.200000047683715820e-01
1.860708594322204590e+00 6.399999856948852539e-01
1.955557823181152344e+00 5.899999737739562988e-01
1.622789144515991211e+00 6.399999856948852539e-01
1.244152426719665527e+00 7.599999904632568359e-01
1.201268434524536133e+00 6.800000071525573730e-01
1.368108868598937988e+00 6.899999976158142090e-01
1.316948890686035156e+00 6.999999880790710449e-01
1.410193443298339844e+00 6.399999856948852539e-01
1.349038124084472656e+00 6.000000238418579102e-01
7.429124116897583008e-01 7.123287916183471680e-01
0.000000000000000000e+00 0.000000000000000000e+00
0.000000000000000000e+00 0.000000000000000000e+00
0.000000000000000000e+00 0.000000000000000000e+00
0.000000000000000000e+00 0.000000000000000000e+00
0.000000000000000000e+00 0.000000000000000000e+00
0.000000000000000000e+00 0.000000000000000000e+00
0.000000000000000000e+00 0.000000000000000000e+00
0.000000000000000000e+00 0.000000000000000000e+00
0.000000000000000000e+00 0.000000000000000000e+00
0.000000000000000000e+00 0.000000000000000000e+00
0.000000000000000000e+00 0.000000000000000000e+00
0.000000000000000000e+00 0.000000000000000000e+00
0.000000000000000000e+00 0.000000000000000000e+00
0.000000000000000000e+00 0.000000000000000000e+00
0.000000000000000000e+00 0.000000000000000000e+00
0.000000000000000000e+00 0.000000000000000000e+00
0.000000000000000000e+00 0.000000000000000000e+00
0.000000000000000000e+00 0.000000000000000000e+00
0.000000000000000000e+00 0.000000000000000000e+00
0.000000000000000000e+00 0.000000000000000000e+00
0.000000000000000000e+00 0.000000000000000000e+00
0.000000000000000000e+00 0.000000000000000000e+00
0.000000000000000000e+00 0.000000000000000000e+00
0.000000000000000000e+00 0.000000000000000000e+00
1.444557070732116699e+00 6.299999952316284180e-01
9.717538356781005859e-01 7.300000190734863281e-01
1.429121851921081543e+00 6.600000262260437012e-01
1.840240359306335449e+00 6.100000143051147461e-01
1.102591753005981445e+00 7.200000286102294922e-01
1.327271580696105957e+00 6.000000238418579102e-01
1.226996302604675293e+00 6.700000166893005371e-01
1.062493324279785156e+00 6.999999880790710449e-01
1.400787949562072754e+00 6.100000143051147461e-01
1.165794253349304199e+00 7.400000095367431641e-01
1.235757708549499512e+00 6.999999880790710449e-01
1.488476991653442383e+00 5.699999928474426270e-01
8.202392458915710449e-01 7.599999904632568359e-01
1.635630130767822266e+00 6.600000262260437012e-01
1.085184216499328613e+00 6.499999761581420898e-01
1.423829197883605957e+00 6.899999976158142090e-01
1.517766237258911133e+00 6.600000262260437012e-01
1.247282743453979492e+00 6.800000071525573730e-01
9.895654320716857910e-01 7.599999904632568359e-01
1.767339229583740234e+00 7.099999785423278809e-01
1.477464914321899414e+00 6.800000071525573730e-01
1.655635237693786621e+00 6.499999761581420898e-01
1.802171349525451660e+00 6.299999952316284180e-01
1.673040270805358887e+00 5.799999833106994629e-01
8.770429491996765137e-01 7.300000190734863281e-01
9.676597118377685547e-01 7.300000190734863281e-01
9.788402318954467773e-01 6.999999880790710449e-01
1.445640683174133301e+00 6.999999880790710449e-01
1.362867832183837891e+00 7.300000190734863281e-01
1.160906553268432617e+00 6.600000262260437012e-01
1.587703227996826172e+00 6.499999761581420898e-01
1.955272793769836426e+00 5.699999928474426270e-01
1.279332756996154785e+00 6.600000262260437012e-01
8.640115857124328613e-01 7.400000095367431641e-01
9.631075859069824219e-01 7.300000190734863281e-01
1.537345290184020996e+00 6.399999856948852539e-01
1.348274588584899902e+00 7.300000190734863281e-01
1.099414110183715820e+00 7.200000286102294922e-01
1.244361996650695801e+00 6.800000071525573730e-01
1.285256028175354004e+00 7.500000000000000000e-01
8.895967006683349609e-01 7.599999904632568359e-01
1.364441633224487305e+00 6.700000166893005371e-01
1.711216330528259277e+00 6.200000047683715820e-01
9.603822827339172363e-01 7.200000286102294922e-01
1.429242372512817383e+00 6.299999952316284180e-01
1.150897979736328125e+00 6.200000047683715820e-01
1.241884827613830566e+00 7.599999904632568359e-01
1.872207999229431152e+00 6.600000262260437012e-01
1.375099301338195801e+00 7.300000190734863281e-01
1.148636221885681152e+00 7.400000095367431641e-01
1.086857914924621582e+00 7.099999785423278809e-01
7.482537031173706055e-01 7.300000190734863281e-01
1.032094240188598633e+00 7.099999785423278809e-01
1.534543037414550781e+00 6.000000238418579102e-01
1.440416216850280762e+00 5.899999737739562988e-01
8.981742858886718750e-01 7.500000000000000000e-01
1.123808264732360840e+00 6.399999856948852539e-01
1.404170036315917969e+00 6.800000071525573730e-01
1.199740529060363770e+00 7.400000095367431641e-01
1.512823581695556641e+00 6.800000071525573730e-01
1.377790808677673340e+00 6.999999880790710449e-01
1.654458045959472656e+00 6.299999952316284180e-01
1.071186184883117676e+00 7.699999809265136719e-01
1.439566373825073242e+00 6.899999976158142090e-01
9.727309942245483398e-01 7.400000095367431641e-01
1.270476341247558594e+00 6.999999880790710449e-01
1.085862517356872559e+00 7.099999785423278809e-01
8.630556464195251465e-01 7.900000214576721191e-01
1.525132417678833008e+00 6.299999952316284180e-01
1.149931669235229492e+00 7.099999785423278809e-01
1.173897147178649902e+00 6.800000071525573730e-01
8.662383556365966797e-01 7.699999809265136719e-01
1.415166378021240234e+00 6.399999856948852539e-01
1.536219000816345215e+00 6.499999761581420898e-01
1.055614948272705078e+00 6.999999880790710449e-01
9.962728023529052734e-01 7.123287916183471680e-01
0.000000000000000000e+00 0.000000000000000000e+00
0.000000000000000000e+00 0.000000000000000000e+00
0.000000000000000000e+00 0.000000000000000000e+00
0.000000000000000000e+00 0.000000000000000000e+00
0.000000000000000000e+00 0.000000000000000000e+00
0.000000000000000000e+00 0.000000000000000000e+00
0.000000000000000000e+00 0.000000000000000000e+00
0.000000000000000000e+00 0.000000000000000000e+00
0.000000000000000000e+00 0.000000000000000000e+00
0.000000000000000000e+00 0.000000000000000000e+00
0.000000000000000000e+00 0.000000000000000000e+00
0.000000000000000000e+00 0.000000000000000000e+00
0.000000000000000000e+00 0.000000000000000000e+00
0.000000000000000000e+00 0.000000000000000000e+00
0.000000000000000000e+00 0.000000000000000000e+00
0.000000000000000000e+00 0.000000000000000000e+00
0.000000000000000000e+00 0.000000000000000000e+00
0.000000000000000000e+00 0.000000000000000000e+00
0.000000000000000000e+00 0.000000000000000000e+00
0.000000000000000000e+00 0.000000000000000000e+00
0.000000000000000000e+00 0.000000000000000000e+00
0.000000000000000000e+00 0.000000000000000000e+00
0.000000000000000000e+00 0.000000000000000000e+00
0.000000000000000000e+00 0.000000000000000000e+00
1.457276463508605957e+00 6.700000166893005371e-01
1.005280137062072754e+00 6.800000071525573730e-01
8.300830125808715820e-01 7.599999904632568359e-01
1.018553137779235840e+00 7.799999713897705078e-01
1.646839141845703125e+00 7.200000286102294922e-01
9.295105934143066406e-01 7.300000190734863281e-01
7.493637800216674805e-01 7.599999904632568359e-01
7.790208458900451660e-01 7.400000095367431641e-01
1.592673897743225098e+00 6.800000071525573730e-01
8.731480240821838379e-01 7.599999904632568359e-01
1.232347011566162109e+00 6.999999880790710449e-01
7.868323326110839844e-01 7.699999809265136719e-01
1.434675455093383789e+00 5.799999833106994629e-01
9.062080383300781250e-01 7.099999785423278809e-01
9.456485509872436523e-01 7.200000286102294922e-01
8.089935183525085449e-01 8.100000023841857910e-01
1.022696018218994141e+00 7.200000286102294922e-01
1.327619075775146484e+00 7.099999785423278809e-01
1.341844439506530762e+00 6.899999976158142090e-01
1.390489101409912109e+00 6.800000071525573730e-01
1.144401431083679199e+00 6.600000262260437012e-01
1.661133408546447754e+00 6.899999976158142090e-01
1.306326866149902344e+00 6.399999856948852539e-01
1.049788713455200195e+00 7.300000190734863281e-01
6.705806255340576172e-01 8.000000119209289551e-01
1.076570630073547363e+00 7.200000286102294922e-01
1.012224793434143066e+00 7.500000000000000000e-01
1.312482714653015137e+00 6.899999976158142090e-01
1.589738488197326660e+00 6.600000262260437012e-01
9.434632658958435059e-01 6.700000166893005371e-01
9.667273759841918945e-01 7.500000000000000000e-01
8.016738891601562500e-01 7.799999713897705078e-01
1.162710070610046387e+00 6.899999976158142090e-01
8.765371441841125488e-01 7.500000000000000000e-01
1.444476008415222168e+00 6.499999761581420898e-01
9.354215860366821289e-01 7.400000095367431641e-01
7.428739070892333984e-01 7.200000286102294922e-01
1.033094048500061035e+00 7.200000286102294922e-01
1.015328884124755859e+00 8.000000119209289551e-01
1.023311853408813477e+00 8.100000023841857910e-01
8.539574146270751953e-01 6.899999976158142090e-01
9.051730632781982422e-01 7.099999785423278809e-01
7.033767700195312500e-01 7.699999809265136719e-01
5.083398222923278809e-01 8.199999928474426270e-01
8.580679297447204590e-01 7.099999785423278809e-01
1.319612145423889160e+00 6.999999880790710449e-01
1.230401635169982910e+00 6.899999976158142090e-01
7.786979079246520996e-01 7.900000214576721191e-01
1.079890847206115723e+00 6.700000166893005371e-01
1.156019210815429688e+00 7.300000190734863281e-01
1.128004431724548340e+00 6.700000166893005371e-01
9.499770402908325195e-01 6.800000071525573730e-01
1.636962890625000000e+00 6.399999856948852539e-01
1.178027391433715820e+00 7.500000000000000000e-01
1.129505276679992676e+00 7.500000000000000000e-01
7.454451918601989746e-01 7.500000000000000000e-01
1.106042504310607910e+00 6.999999880790710449e-01
9.439538717269897461e-01 7.300000190734863281e-01
9.950496554374694824e-01 7.599999904632568359e-01
7.264375090599060059e-01 7.200000286102294922e-01
1.173046708106994629e+00 7.099999785423278809e-01
8.482344746589660645e-01 7.900000214576721191e-01
1.019729971885681152e+00 7.599999904632568359e-01
1.478682756423950195e+00 6.800000071525573730e-01
1.574793696403503418e+00 6.899999976158142090e-01
1.008354544639587402e+00 7.200000286102294922e-01
1.285873293876647949e+00 7.400000095367431641e-01
6.059490442276000977e-01 8.000000119209289551e-01
9.273794293403625488e-01 7.400000095367431641e-01
1.501802325248718262e+00 6.899999976158142090e-01
9.632849693298339844e-01 7.900000214576721191e-01
1.510480761528015137e+00 6.600000262260437012e-01
1.380501508712768555e+00 7.200000286102294922e-01
9.095958471298217773e-01 7.300000190734863281e-01
1.264623761177062988e+00 6.800000071525573730e-01
8.015121221542358398e-01 7.671232819557189941e-01
0.000000000000000000e+00 0.000000000000000000e+00
0.000000000000000000e+00 0.000000000000000000e+00
0.000000000000000000e+00 0.000000000000000000e+00
0.000000000000000000e+00 0.000000000000000000e+00
0.000000000000000000e+00 0.000000000000000000e+00
0.000000000000000000e+00 0.000000000000000000e+00
0.000000000000000000e+00 0.000000000000000000e+00
0.000000000000000000e+00 0.000000000000000000e+00
0.000000000000000000e+00 0.000000000000000000e+00
0.000000000000000000e+00 0.000000000000000000e+00
0.000000000000000000e+00 0.000000000000000000e+00
0.000000000000000000e+00 0.000000000000000000e+00
0.000000000000000000e+00 0.000000000000000000e+00
0.000000000000000000e+00 0.000000000000000000e+00
0.000000000000000000e+00 0.000000000000000000e+00
0.000000000000000000e+00 0.000000000000000000e+00
0.000000000000000000e+00 0.000000000000000000e+00
0.000000000000000000e+00 0.000000000000000000e+00
0.000000000000000000e+00 0.000000000000000000e+00
0.000000000000000000e+00 0.000000000000000000e+00
0.000000000000000000e+00 0.000000000000000000e+00
0.000000000000000000e+00 0.000000000000000000e+00
0.000000000000000000e+00 0.000000000000000000e+00
0.000000000000000000e+00 0.000000000000000000e+00
8.702142834663391113e-01 7.799999713897705078e-01
8.985736370086669922e-01 7.400000095367431641e-01
1.410772442817687988e+00 7.400000095367431641e-01
1.174342989921569824e+00 6.999999880790710449e-01
7.387117147445678711e-01 7.400000095367431641e-01
1.036068439483642578e+00 6.700000166893005371e-01
1.072246074676513672e+00 6.700000166893005371e-01
1.273867130279541016e+00 6.899999976158142090e-01
8.988974094390869141e-01 7.300000190734863281e-01
9.688119292259216309e-01 6.399999856948852539e-01
1.122604846954345703e+00 6.600000262260437012e-01
1.055613279342651367e+00 7.300000190734863281e-01
6.740267872810363770e-01 7.900000214576721191e-01
1.088985085487365723e+00 7.200000286102294922e-01
9.286254644393920898e-01 8.199999928474426270e-01
1.151271581649780273e+00 7.300000190734863281e-01
7.620590329170227051e-01 7.699999809265136719e-01
7.421783208847045898e-01 7.900000214576721191e-01
1.409182310104370117e+00 7.200000286102294922e-01
6.234536767005920410e-01 7.699999809265136719e-01
1.203926682472229004e+00 6.999999880790710449e-01
7.474210262298583984e-01 7.699999809265136719e-01
1.116525769233703613e+00 6.800000071525573730e-01
8.460918664932250977e-01 7.099999785423278809e-01
1.071888446807861328e+00 7.200000286102294922e-01
6.342430710792541504e-01 8.199999928474426270e-01
1.255781173706054688e+00 6.800000071525573730e-01
9.559575915336608887e-01 7.699999809265136719e-01
8.015306591987609863e-01 7.699999809265136719e-01
9.276649355888366699e-01 7.799999713897705078e-01
9.193289875984191895e-01 7.699999809265136719e-01
1.148583889007568359e+00 7.099999785423278809e-01
1.240113854408264160e+00 6.700000166893005371e-01
6.042877435684204102e-01 8.299999833106994629e-01
9.082849025726318359e-01 7.799999713897705078e-01
8.493266105651855469e-01 7.699999809265136719e-01
9.025644659996032715e-01 7.599999904632568359e-01
9.304580092430114746e-01 6.999999880790710449e-01
9.175270795822143555e-01 7.400000095367431641e-01
8.327931165695190430e-01 7.799999713897705078e-01
7.256987094879150391e-01 8.000000119209289551e-01
9.233796000480651855e-01 8.100000023841857910e-01
1.056056380271911621e+00 6.999999880790710449e-01
9.119842648506164551e-01 7.200000286102294922e-01
1.252271294593811035e+00 7.300000190734863281e-01
1.139391779899597168e+00 7.599999904632568359e-01
1.040025472640991211e+00 6.700000166893005371e-01
1.418344616889953613e+00 7.500000000000000000e-01
9.181516766548156738e-01 7.699999809265136719e-01
1.021182894706726074e+00 7.200000286102294922e-01
6.134626269340515137e-01 7.500000000000000000e-01
9.780662655830383301e-01 7.200000286102294922e-01
1.317922711372375488e+00 6.700000166893005371e-01
8.289405107498168945e-01 6.399999856948852539e-01
8.179846405982971191e-01 7.699999809265136719e-01
9.014794826507568359e-01 7.099999785423278809e-01
8.352351188659667969e-01 7.699999809265136719e-01
1.051576256752014160e+00 7.400000095367431641e-01
7.835183739662170410e-01 7.500000000000000000e-01
1.084127068519592285e+00 7.500000000000000000e-01
6.311441659927368164e-01 7.400000095367431641e-01
1.078059792518615723e+00 7.599999904632568359e-01
8.361353874206542969e-01 7.500000000000000000e-01
5.614235401153564453e-01 8.399999737739562988e-01
9.006088972091674805e-01 7.099999785423278809e-01
8.943985700607299805e-01 7.099999785423278809e-01
1.009461402893066406e+00 7.599999904632568359e-01
8.433049917221069336e-01 7.400000095367431641e-01
9.517385363578796387e-01 7.200000286102294922e-01
1.140998840332031250e+00 7.099999785423278809e-01
7.002596855163574219e-01 7.699999809265136719e-01
7.055656909942626953e-01 7.699999809265136719e-01
1.349819183349609375e+00 7.400000095367431641e-01
8.878148794174194336e-01 8.000000119209289551e-01
9.421515464782714844e-01 7.200000286102294922e-01
1.468196272850036621e+00 6.986301541328430176e-01
0.000000000000000000e+00 0.000000000000000000e+00
0.000000000000000000e+00 0.000000000000000000e+00
0.000000000000000000e+00 0.000000000000000000e+00
0.000000000000000000e+00 0.000000000000000000e+00
0.000000000000000000e+00 0.000000000000000000e+00
0.000000000000000000e+00 0.000000000000000000e+00
0.000000000000000000e+00 0.000000000000000000e+00
0.000000000000000000e+00 0.000000000000000000e+00
0.000000000000000000e+00 0.000000000000000000e+00
0.000000000000000000e+00 0.000000000000000000e+00
0.000000000000000000e+00 0.000000000000000000e+00
0.000000000000000000e+00 0.000000000000000000e+00
0.000000000000000000e+00 0.000000000000000000e+00
0.000000000000000000e+00 0.000000000000000000e+00
0.000000000000000000e+00 0.000000000000000000e+00
0.000000000000000000e+00 0.000000000000000000e+00
0.000000000000000000e+00 0.000000000000000000e+00
0.000000000000000000e+00 0.000000000000000000e+00
0.000000000000000000e+00 0.000000000000000000e+00
0.000000000000000000e+00 0.000000000000000000e+00
0.000000000000000000e+00 0.000000000000000000e+00
0.000000000000000000e+00 0.000000000000000000e+00
0.000000000000000000e+00 0.000000000000000000e+00
0.000000000000000000e+00 0.000000000000000000e+00
7.808538675308227539e-01 8.100000023841857910e-01
7.617786526679992676e-01 7.400000095367431641e-01
1.119479417800903320e+00 7.200000286102294922e-01
8.605109453201293945e-01 7.799999713897705078e-01
8.385542035102844238e-01 8.100000023841857910e-01
1.180750370025634766e+00 7.300000190734863281e-01
7.761111259460449219e-01 8.000000119209289551e-01
1.023458361625671387e+00 7.200000286102294922e-01
8.630747795104980469e-01 7.099999785423278809e-01
6.789572834968566895e-01 8.100000023841857910e-01
9.707330465316772461e-01 7.799999713897705078e-01
5.609441995620727539e-01 8.399999737739562988e-01
7.116631269454956055e-01 7.699999809265136719e-01
9.057570695877075195e-01 7.400000095367431641e-01
1.156975507736206055e+00 6.899999976158142090e-01
6.006367802619934082e-01 8.399999737739562988e-01
8.413538932800292969e-01 7.599999904632568359e-01
7.370738387107849121e-01 7.699999809265136719e-01
8.319923281669616699e-01 7.699999809265136719e-01
1.031179189682006836e+00 7.400000095367431641e-01
8.790847063064575195e-01 7.799999713897705078e-01
6.005164980888366699e-01 8.100000023841857910e-01
1.078059077262878418e+00 7.099999785423278809e-01
7.880285382270812988e-01 7.200000286102294922e-01
6.258406639099121094e-01 8.100000023841857910e-01
8.067073225975036621e-01 8.100000023841857910e-01
7.144107222557067871e-01 7.900000214576721191e-01
5.624606013298034668e-01 8.199999928474426270e-01
8.262525200843811035e-01 7.300000190734863281e-01
6.938416957855224609e-01 8.100000023841857910e-01
5.757862329483032227e-01 8.299999833106994629e-01
6.074317097663879395e-01 8.100000023841857910e-01
9.369876980781555176e-01 7.599999904632568359e-01
9.039574265480041504e-01 7.500000000000000000e-01
6.516237854957580566e-01 7.799999713897705078e-01
5.495735406875610352e-01 8.399999737739562988e-01
6.365935802459716797e-01 7.500000000000000000e-01
7.135222554206848145e-01 7.900000214576721191e-01
6.496573686599731445e-01 7.799999713897705078e-01
7.782315015792846680e-01 7.900000214576721191e-01
1.132827997207641602e+00 7.099999785423278809e-01
6.971885561943054199e-01 7.799999713897705078e-01
1.075371623039245605e+00 7.099999785423278809e-01
6.314114332199096680e-01 7.699999809265136719e-01
7.311850190162658691e-01 7.699999809265136719e-01
1.051509380340576172e+00 7.200000286102294922e-01
9.982538819313049316e-01 7.699999809265136719e-01
9.756911396980285645e-01 7.699999809265136719e-01
1.139399409294128418e+00 6.399999856948852539e-01
1.156242370605468750e+00 7.200000286102294922e-01
8.515943288803100586e-01 6.999999880790710449e-01
9.314678907394409180e-01 7.599999904632568359e-01
6.679399609565734863e-01 7.900000214576721191e-01
1.318182110786437988e+00 7.099999785423278809e-01
8.951986432075500488e-01 7.400000095367431641e-01
9.611026644706726074e-01 7.200000286102294922e-01
9.800112843513488770e-01 7.099999785423278809e-01
7.247444987297058105e-01 7.799999713897705078e-01
7.173714637756347656e-01 7.900000214576721191e-01
1.026694774627685547e+00 7.200000286102294922e-01
1.056651353836059570e+00 6.899999976158142090e-01
1.158190131187438965e+00 6.899999976158142090e-01
1.132500410079956055e+00 7.099999785423278809e-01
8.722694516181945801e-01 7.599999904632568359e-01
7.031071186065673828e-01 7.400000095367431641e-01
8.156419396400451660e-01 7.200000286102294922e-01
8.443052172660827637e-01 7.599999904632568359e-01
8.200691342353820801e-01 7.699999809265136719e-01
8.183982372283935547e-01 6.899999976158142090e-01
1.105498790740966797e+00 7.400000095367431641e-01
7.823221683502197266e-01 7.799999713897705078e-01
8.259639143943786621e-01 7.699999809265136719e-01
7.182118892669677734e-01 7.400000095367431641e-01
9.491295814514160156e-01 7.599999904632568359e-01
7.248032093048095703e-01 7.200000286102294922e-01
1.070026755332946777e+00 7.123287916183471680e-01
0.000000000000000000e+00 0.000000000000000000e+00
0.000000000000000000e+00 0.000000000000000000e+00
0.000000000000000000e+00 0.000000000000000000e+00
0.000000000000000000e+00 0.000000000000000000e+00
0.000000000000000000e+00 0.000000000000000000e+00
0.000000000000000000e+00 0.000000000000000000e+00
0.000000000000000000e+00 0.000000000000000000e+00
0.000000000000000000e+00 0.000000000000000000e+00
0.000000000000000000e+00 0.000000000000000000e+00
0.000000000000000000e+00 0.000000000000000000e+00
0.000000000000000000e+00 0.000000000000000000e+00
0.000000000000000000e+00 0.000000000000000000e+00
0.000000000000000000e+00 0.000000000000000000e+00
0.000000000000000000e+00 0.000000000000000000e+00
0.000000000000000000e+00 0.000000000000000000e+00
0.000000000000000000e+00 0.000000000000000000e+00
0.000000000000000000e+00 0.000000000000000000e+00
0.000000000000000000e+00 0.000000000000000000e+00
0.000000000000000000e+00 0.000000000000000000e+00
0.000000000000000000e+00 0.000000000000000000e+00
0.000000000000000000e+00 0.000000000000000000e+00
0.000000000000000000e+00 0.000000000000000000e+00
0.000000000000000000e+00 0.000000000000000000e+00
0.000000000000000000e+00 0.000000000000000000e+00
5.394611358642578125e-01 8.000000119209289551e-01
7.380242943763732910e-01 8.000000119209289551e-01
6.963534355163574219e-01 7.900000214576721191e-01
8.187773227691650391e-01 7.699999809265136719e-01
5.392736196517944336e-01 8.000000119209289551e-01
1.003195524215698242e+00 7.699999809265136719e-01
4.984414577484130859e-01 8.299999833106994629e-01
1.219951272010803223e+00 7.200000286102294922e-01
9.294452071189880371e-01 7.400000095367431641e-01
7.167066931724548340e-01 7.900000214576721191e-01
6.408947110176086426e-01 7.799999713897705078e-01
4.806112647056579590e-01 8.100000023841857910e-01
5.150101184844970703e-01 8.100000023841857910e-01
7.788040041923522949e-01 7.599999904632568359e-01
8.024352192878723145e-01 7.900000214576721191e-01
8.368845582008361816e-01 7.500000000000000000e-01
8.135923743247985840e-01 7.099999785423278809e-01
7.530471086502075195e-01 7.799999713897705078e-01
1.039089798927307129e+00 6.800000071525573730e-01
6.577994823455810547e-01 7.799999713897705078e-01
1.117283463478088379e+00 7.099999785423278809e-01
4.663550555706024170e-01 8.399999737739562988e-01
6.775405406951904297e-01 7.599999904632568359e-01
8.076849579811096191e-01 7.599999904632568359e-01
7.227271795272827148e-01 8.100000023841857910e-01
9.535294175148010254e-01 6.899999976158142090e-01
7.433221936225891113e-01 7.900000214576721191e-01
6.567303538322448730e-01 7.699999809265136719e-01
9.005985260009765625e-01 7.300000190734863281e-01
4.890313744544982910e-01 8.700000047683715820e-01
8.029289245605468750e-01 6.899999976158142090e-01
1.084462523460388184e+00 7.500000000000000000e-01
6.074730157852172852e-01 8.100000023841857910e-01
8.325753211975097656e-01 6.999999880790710449e-01
7.434953451156616211e-01 8.100000023841857910e-01
7.898018360137939453e-01 7.699999809265136719e-01
9.498327374458312988e-01 7.799999713897705078e-01
9.893160462379455566e-01 7.300000190734863281e-01
3.749557137489318848e-01 8.799999952316284180e-01
8.066871166229248047e-01 7.699999809265136719e-01
7.283415794372558594e-01 8.199999928474426270e-01
5.704740285873413086e-01 8.299999833106994629e-01
7.206954360008239746e-01 7.799999713897705078e-01
0.000000000000000000e+00 0.000000000000000000e+00
0.000000000000000000e+00 0.000000000000000000e+00
0.000000000000000000e+00 0.000000000000000000e+00
0.000000000000000000e+00 0.000000000000000000e+00
0.000000000000000000e+00 0.000000000000000000e+00
0.000000000000000000e+00 0.000000000000000000e+00
0.000000000000000000e+00 0.000000000000000000e+00
0.000000000000000000e+00 0.000000000000000000e+00
0.000000000000000000e+00 0.000000000000000000e+00
0.000000000000000000e+00 0.000000000000000000e+00
0.000000000000000000e+00 0.000000000000000000e+00
0.000000000000000000e+00 0.000000000000000000e+00
0.000000000000000000e+00 0.000000000000000000e+00
0.000000000000000000e+00 0.000000000000000000e+00
0.000000000000000000e+00 0.000000000000000000e+00
0.000000000000000000e+00 0.000000000000000000e+00
0.000000000000000000e+00 0.000000000000000000e+00
0.000000000000000000e+00 0.000000000000000000e+00
0.000000000000000000e+00 0.000000000000000000e+00
0.000000000000000000e+00 0.000000000000000000e+00
0.000000000000000000e+00 0.000000000000000000e+00
0.000000000000000000e+00 0.000000000000000000e+00
0.000000000000000000e+00 0.000000000000000000e+00
0.000000000000000000e+00 0.000000000000000000e+00
0.000000000000000000e+00 0.000000000000000000e+00
0.000000000000000000e+00 0.000000000000000000e+00
0.000000000000000000e+00 0.000000000000000000e+00
0.000000000000000000e+00 0.000000000000000000e+00
0.000000000000000000e+00 0.000000000000000000e+00
0.000000000000000000e+00 0.000000000000000000e+00
0.000000000000000000e+00 0.000000000000000000e+00
0.000000000000000000e+00 0.000000000000000000e+00
0.000000000000000000e+00 0.000000000000000000e+00
0.000000000000000000e+00 0.000000000000000000e+00
0.000000000000000000e+00 0.000000000000000000e+00
0.000000000000000000e+00 0.000000000000000000e+00
0.000000000000000000e+00 0.000000000000000000e+00
0.000000000000000000e+00 0.000000000000000000e+00
0.000000000000000000e+00 0.000000000000000000e+00
0.000000000000000000e+00 0.000000000000000000e+00
0.000000000000000000e+00 0.000000000000000000e+00
0.000000000000000000e+00 0.000000000000000000e+00
0.000000000000000000e+00 0.000000000000000000e+00
0.000000000000000000e+00 0.000000000000000000e+00
0.000000000000000000e+00 0.000000000000000000e+00
0.000000000000000000e+00 0.000000000000000000e+00
0.000000000000000000e+00 0.000000000000000000e+00
0.000000000000000000e+00 0.000000000000000000e+00
0.000000000000000000e+00 0.000000000000000000e+00
0.000000000000000000e+00 0.000000000000000000e+00
0.000000000000000000e+00 0.000000000000000000e+00
0.000000000000000000e+00 0.000000000000000000e+00
0.000000000000000000e+00 0.000000000000000000e+00
0.000000000000000000e+00 0.000000000000000000e+00
0.000000000000000000e+00 0.000000000000000000e+00
0.000000000000000000e+00 0.000000000000000000e+00
0.000000000000000000e+00 0.000000000000000000e+00
0.000000000000000000e+00 0.000000000000000000e+00
0.000000000000000000e+00 0.000000000000000000e+00
0.000000000000000000e+00 0.000000000000000000e+00
0.000000000000000000e+00 0.000000000000000000e+00
0.000000000000000000e+00 0.000000000000000000e+00
0.000000000000000000e+00 0.000000000000000000e+00
0.000000000000000000e+00 0.000000000000000000e+00
0.000000000000000000e+00 0.000000000000000000e+00
0.000000000000000000e+00 0.000000000000000000e+00
0.000000000000000000e+00 0.000000000000000000e+00
0.000000000000000000e+00 0.000000000000000000e+00
0.000000000000000000e+00 0.000000000000000000e+00
0.000000000000000000e+00 0.000000000000000000e+00
0.000000000000000000e+00 0.000000000000000000e+00
0.000000000000000000e+00 0.000000000000000000e+00
0.000000000000000000e+00 0.000000000000000000e+00
0.000000000000000000e+00 0.000000000000000000e+00
0.000000000000000000e+00 0.000000000000000000e+00
0.000000000000000000e+00 0.000000000000000000e+00
0.000000000000000000e+00 0.000000000000000000e+00
0.000000000000000000e+00 0.000000000000000000e+00
0.000000000000000000e+00 0.000000000000000000e+00
0.000000000000000000e+00 0.000000000000000000e+00
0.000000000000000000e+00 0.000000000000000000e+00
0.000000000000000000e+00 0.000000000000000000e+00
0.000000000000000000e+00 0.000000000000000000e+00
0.000000000000000000e+00 0.000000000000000000e+00
0.000000000000000000e+00 0.000000000000000000e+00
0.000000000000000000e+00 0.000000000000000000e+00
0.000000000000000000e+00 0.000000000000000000e+00
0.000000000000000000e+00 0.000000000000000000e+00
0.000000000000000000e+00 0.000000000000000000e+00
0.000000000000000000e+00 0.000000000000000000e+00
0.000000000000000000e+00 0.000000000000000000e+00
0.000000000000000000e+00 0.000000000000000000e+00
0.000000000000000000e+00 0.000000000000000000e+00
0.000000000000000000e+00 0.000000000000000000e+00
0.000000000000000000e+00 0.000000000000000000e+00
0.000000000000000000e+00 0.000000000000000000e+00
0.000000000000000000e+00 0.000000000000000000e+00
0.000000000000000000e+00 0.000000000000000000e+00
0.000000000000000000e+00 0.000000000000000000e+00
0.000000000000000000e+00 0.000000000000000000e+00
0.000000000000000000e+00 0.000000000000000000e+00
0.000000000000000000e+00 0.000000000000000000e+00
0.000000000000000000e+00 0.000000000000000000e+00
0.000000000000000000e+00 0.000000000000000000e+00
0.000000000000000000e+00 0.000000000000000000e+00
0.000000000000000000e+00 0.000000000000000000e+00
0.000000000000000000e+00 0.000000000000000000e+00
0.000000000000000000e+00 0.000000000000000000e+00
0.000000000000000000e+00 0.000000000000000000e+00
0.000000000000000000e+00 0.000000000000000000e+00
0.000000000000000000e+00 0.000000000000000000e+00
0.000000000000000000e+00 0.000000000000000000e+00
0.000000000000000000e+00 0.000000000000000000e+00
0.000000000000000000e+00 0.000000000000000000e+00
0.000000000000000000e+00 0.000000000000000000e+00
0.000000000000000000e+00 0.000000000000000000e+00
