1.876755161816198836e+00 6.043839930590779730e-01
1.396629716514769859e+00 6.644658675427388417e-01
1.147521776400893145e+00 7.186055688235933880e-01
9.899778930337775895e-01 7.381486849332759004e-01
8.757607144439265578e-01 7.492407224664092702e-01
0.000000000000000000e+00 0.000000000000000000e+00
0.000000000000000000e+00 0.000000000000000000e+00
0.000000000000000000e+00 0.000000000000000000e+00
0.000000000000000000e+00 0.000000000000000000e+00
0.000000000000000000e+00 0.000000000000000000e+00
